Locus	Size	NumTags	ModeSizeNumTags
14061	310	5	5
14291	8	37	19
14312	694	2	2
15005	132	15	11
22947	191	75	75
22950	188	7	7
22952	186	64	63
22954	184	130	129
22956	182	366	363
22957	181	2	2
22958	180	32	32
79303	131	3	3
79304	130	2	2
79305	129	14	14
79306	128	2706	2670
79307	127	5	5
79429	315	4	4
79430	314	470	456
108221	21	2	2
164556	21	3	3
284890	29	2	2
352735	22	5	5
384485	266	177	175
391452	22	23	23
396350	44	2	2
396357	42	3	3
396374	25	3	3
396375	24	2	2
512366	226	188	186
513047	111	2	2
552781	385	20	19
553162	263	8	8
559200	322	2	2
559202	320	378	375
559516	146	5	5
559517	145	11	11
559518	144	2902	2871
559519	143	11	11
567865	67	2	2
624878	277	13	11
721933	310	511	511
758869	498957	3	3
758870	231	21	19
781815	177	22	13
816046	50	8	4
816047	49	472	389
816048	48	5	4
816584	30	4	2
822012	4	80	76
830237	186	3	3
830238	185	4	3
830239	184	1767	1752
830240	183	4	4
842531	320	35	31
918912	482922	3	3
934654	135	26	24
939601	213	2	2
939810	158	33	24
963967	406679	2	2
964807	476	2	2
965116	167	591	583
965186	406357	14	14
965187	406357	4	2
965189	406357	3	3
965216	67	326	318
969620	22	3	3
1006222	51	5	4
1006223	50	14	7
1006224	49	702	681
1006225	48	3	2
1007771	33	10	10
1051078	27	18	18
1055846	145	21	21
1055894	651316	2	2
1083717	31	48	45
1084692	427	8	8
1086142	226	2	2
1250494	22	283	283
1250495	21	10	10
1250496	20	7	7
1257597	229	1133	1091
1257598	228	2	2
1286703	50	2	2
1286704	49	461	386
1286705	48	2	2
1287362	30	5	5
1295381	91	4	4
1307255	156	16	15
1308035	123	10	10
1318471	81	57	57
1328148	176	95	94
1331223	376	6	6
1334166	152	124	121
1334170	148	3	3
1334173	145	2	2
1336097	115	2	2
1339652	313	58	37
1339961	167	412	405
1340031	31512	10	10
1340033	31512	2	2
1349577	127	2	2
1371638	333	223	185
1371967	167	19	19
1372067	67	2	2
1401870	277	3	3
1426718	24	7	7
1426719	23	6	6
1426720	22	16	15
1426721	21	5	5
1426722	20	2	2
1439913	101567	7	7
1443824	223	138	137
1541339	182	3	2
1576670	49	3	3
1613930	130	10	10
1614347	115	20	14
1621661	210	22	22
1621677	194	3	3
1642120	39	61	49
1648780	51	3	3
1648781	50	9	9
1648782	49	658	647
1648783	48	4	4
1650326	33	16	16
1656745	116	2	2
1680572	340	78	78
1702471	27	11	11
1707305	147	2	2
1707306	146	1465	1445
1721390	20	10	9
1725210	449	12	11
1788442	422	6	6
1788859	3428237	2	2
1788939	40	8	8
1802019	95	2	2
1802020	94	64	63
1817448	28	8	8
1850287	33	2	2
1850290	30	586	570
1853933	164	15	15
1853935	162	4	4
1890432	42	3	3
1918382	82	167	165
2049662	163	2	2
2049664	161	1022	1013
2049665	160	3	2
2049668	157	14	13
2049821	67	2	2
2053397	28	3	3
2053404	21	2	2
2086716	20	296	295
2086717	19	2	2
2174955	350	10	10
2200501	20	3	2
2235312	20	5	5
2254029	20	3	3
2278003	20	3	3
2412732	19	41	41
2474061	248	6	6
2502978	326	10	10
2517055	101	2	2
2520247	215	47	44
2532264	148	2	2
2538572	249	6	6
2541018	26	5	5
2565824	35	61	55
2586601	277	211	210
2586602	276	2	2
2586604	274	17	17
2586667	211	62	62
2588847	215	69	69
2591581	370	53	49
2602302	179	3	2
2609663	43	21	20
2609702	23	172	170
2614102	207	29	29
2629543	32	37	34
2629553	22	4	4
2646805	293	20	19
2647565	341	37	27
2647567	339	4	4
2647578	328	3	3
2647592	314	7	7
2647631	275	5	5
2649264	138	68	66
2655222	178	2	2
2658951	346	30	29
2680576	160	2	2
2680577	159	236	181
2680586	150	271	260
2680593	143	196	190
2680595	141	4	4
2680601	135	3	3
2680605	131	11	11
2705273	297	17	17
2729942	408	93	93
2730346	274	37	34
2730373	247	2	2
2742456	245	78	77
2742697	412	82	81
2755656	271	229	228
2768971	19	7	7
2772107	126	172	171
2772117	116	3	3
2772186	47	348	325
2772229	22	63	59
2788235	379	4	4
2800540	19	6	6
2807215	382	95	92
2807254	343	3	3
2807256	341	10	10
2807258	339	6	5
2807262	335	23	23
2807264	333	3	3
2807266	331	5	5
2807268	329	14	13
2807270	327	43	41
2807273	324	2	2
2807286	311	28	28
2818635	80	108	108
2818636	79	19	17
2818638	77	2	2
2818662	53	7	7
2833365	170	2	2
2872673	298	19	19
2872738	310	36	36
2872759	77	6	6
2872764	20	216	215
2872765	19	2	2
2872926	119	4	3
2880787	488	3	2
2912439	180	2	2
2912441	178	5	5
2912442	177	16	14
2912443	176	2109	2088
2912444	175	2	2
2933408	277	38	37
2933415	270	4	4
2933681	383	50	48
2935965	37	100	99
2935967	35	4	4
2956364	212	53	53
2956367	209	27	27
2964469	139	2	2
2964471	137	5	5
2964472	136	14	14
2964473	135	2690	2661
2964474	134	7	7
2980586	65	18	18
3001287	319	71	71
3001290	316	3	3
3007645	166	14	12
3007712	99	6	6
3007720	91	188	125
3007721	90	4	3
3013445	89	89	87
3013448	55	28	28
3013621	31782602	52	24
3108990	19	23	21
3112158	358	7	7
3113112	51	79	78
3113115	48	4	3
3117548	77	726	684
3117552	73	12	11
3117587	38	2	2
3117747	19	14	14
3118102	19	20	20
3153707	353	5	5
3163926	325	32	31
3172913	20	2	2
3213840	27	2	2
3270746	109	121	117
3288731	20	2	2
3376085	30	2	2
3376087	28	234	229
3464610	57	31	27
3503596	105763	2	2
3542150	436	2	2
3609126	233	10	10
3635059	259	17	17
3799870	284	2	2
3826013	44	51	48
3826053	195	10	10
3850307	22	3	3
3852879	315	2	2
3862229	293	56	50
3862231	291	4	4
3893696	64	316	313
3893698	62	3	3
3893699	61	5	5
3893735	25	5	5
3893740	20	62	62
3893756	136	125	124
3907850	233	32	30
3923712	62	49	49
3931654	21	191	189
3961108	98	55	54
3961116	90	2	2
4023908	232	29	29
4063058	1114460	3	2
4063059	99	16	11
4063060	98	1613	1595
4063061	97	4	2
4063064	94	145	143
4099673	299	2	2
4107827	44	13	5
4107828	43	7	4
4107829	42	526	513
4118708	40	14	13
4118744	82	147	147
4118745	81	2	2
4136868	29	6	6
4143116	102	3	2
4197312	292	40	37
4303541	101	119	117
4319134	54	3	3
4323931	27	3	3
4427674	67	3	2
4427675	66	3	3
4427718	23	104	102
4556017	23	13	13
4606501	2905643	2	2
4614189	21	6	6
4614860	160	389	368
4614865	155	18	18
4614867	153	176	167
4614869	151	8	7
4614870	150	2	2
4614872	148	2	2
4614917	103	6	4
4686831	157	225	222
4686833	155	4	2
4694361	278	9	8
4706328	154	124	124
4706334	148	10	10
4710032	56	3	3
4740314	70	38	35
4740587	24870	192	89
4745218	62	101	100
4745220	60	5	4
4752762	154	113	112
4752768	148	11	11
4756470	62	8	8
4756471	61	8	4
4764956	277	238	202
4765022	211	50	50
4765137	1042192	3	3
4765226	231	2	2
4765229	228	3	3
4787368	339	13	10
4796477	62	180	174
4807082	237	182	181
4819172	158	115	114
4819176	154	7	6
4822792	61	12	7
4822847	1164547	3	2
4822848	63	18	13
4822849	62	986	979
4831272	277	283	244
4831545	237	84	84
4858952	109	354	237
4859084	185	189	189
4859265	258	16	15
4880013	107	562	548
4880326	262	3	3
4880327	261	807	801
4880328	260	2	2
4880330	258	4	4
4886844	97	10	10
4886883	58	4	2
4886884	57	59	56
4886935	29	2	2
4886936	28	4	4
4886937	27	1097	1076
4886938	26	3	3
4886960	3878	200	191
4889452	285	15	15
4890653	149	91	63
4890655	147	2	2
4890741	964546	8	8
4890743	964546	6	6
4890744	964546	6	6
4890746	964546	10	10
4890747	964546	8	8
4890748	964546	5	5
4890750	964546	10	10
4890834	48	64	34
4938210	62	136	133
5124688	19	3	3
5126382	22	16	16
5126397	22	57	57
5126765	262	2	2
5177418	100	4	4
5177419	99	15	15
5177420	98	2228	2197
5177421	97	4	3
5196061	44	2	2
5196062	43	4	3
5196063	42	518	500
5196064	41	3	3
5199787	204	3	2
5201199	277	109	108
5217059	40	7	7
5217094	83	5	4
5217095	82	155	154
5217173	414	24	20
5237350	29	5	5
5241401	164	4	2
5246573	167	3	3
5246736	111	1089	1085
5246738	109	18	18
5246739	108	3	3
5246740	107	5	5
5259148	179	50	47
5309769	86	284	283
5309771	84	6	6
5340735	218	3	2
5359276	280	54	54
5491978	19	2	2
5562020	434	2	2
5690093	426	6	5
5703202	21	4	4
5703847	161	503	438
5703850	158	11	8
5703909	99	90	90
5710346	20	2	2
5747316	301	22	19
5747438	179	13	9
5747619	75	82	82
5807345	277	234	196
5807411	211	57	57
5807423	199	2	2
5807618	237	438	437
5807633	222	52	52
5839320	223	20	19
5845598	62	33	32
5845600	60	3	3
5855382	109	6	2
5855695	48	40	26
5891059	158	85	85
5894760	62	51	51
5905427	22	2	2
5906746	220	2	2
5933709	62	22	22
5947600	48	53	33
5950904	127	2	2
5986334	29	3	3
5987456	64	4	3
5987457	63	18	15
5987458	62	1473	1427
5987459	61	4	4
5991392	128	157	92
5996537	48	22	21
6002105	260	28	28
6002127	13496756	5	2
6007706	284	5	5
6038281	40	27	27
6038284	37	3	3
6048678	182	2	2
6051061	242	12	11
6051062	241	1538	1527
6051063	240	2	2
6057238	370	94	90
6072079	240	10	10
6073227	358	27	26
6079269	58	37	36
6079271	56	3	3
6105252	169	2	2
6107361	51	32	30
6107363	49	12	11
6107365	47	3	3
6107408	4	6	6
6135606	732295	2	2
6135637	46509	7	6
6140162	127	2	2
6140163	126	444	440
6140213	76	16	16
6140284	50	3	2
6140285	49	215	214
6149465	49	241	240
6180791	292	2	2
6180793	292	7	7
6180799	295	12	10
6233821	91	127	125
6242424	294	9	8
6248293	281	2	2
6257203	19	5	5
6280957	19600693	5	5
6291716	91	118	116
6291720	87	2	2
6311022	19	5	3
6314251	28	4	3
6316827	342	33	32
6316832	337	9	9
6317033	81	388	381
6317058	56	6	6
6326711	164	3	3
6326712	163	3	3
6326713	162	13	13
6326714	161	1902	1881
6326715	160	8	8
6330909	31944522	22	22
6338242	27	4	4
6359903	26951	3	2
6359904	161	52	49
6362304	159	2	2
6367804	264	2	2
6386692	162	3	3
6386693	161	914	898
6386694	160	2	2
6391425	134	5	5
6391920	411	92	51
6409400	25	31	31
6410881	161	714	709
6413239	168	126	126
6413244	163	2	2
6451223	41	4	4
6455286	346	252	249
6455626	102	2	2
6455627	101	13	12
6455628	100	953	936
6455629	99	4	4
6466695	11516	3	2
6466696	26669	6	5
6466697	181	165	155
6466874	161	5	5
6493183	182	6	6
6493184	181	3147	2999
6493185	180	3	2
6493191	174	17	16
6493193	172	2	2
6531655	57	2	2
6532289	171	4	4
6532290	170	5	5
6532291	169	1916	1893
6532292	168	2	2
6532305	155	2	2
6554695	219	3	3
6554705	209	2	2
6554706	208	9	9
6554707	207	1401	1393
6554714	200	2	2
6554817	35408378	2	2
6559148	359	23	22
6569993	170	5	5
6569994	169	13	12
6569995	168	2867	2812
6569996	167	8	8
6601815	92	2	2
6615242	481	4	3
6615699	30	2	2
6634127	92	40	40
6758894	126	12	11
6759146	122	10	10
6787343	160	107	79
6790518	88	3	2
6807723	92	2	2
6823602	84	76	71
6839860	124	2	2
6846705	50	2	2
6848606	211	4	4
6848607	210	4	3
6848608	209	7	7
6848609	208	1658	1589
6848610	207	5	4
6850195	393	5	4
6865889	219	215	213
6865895	213	5	5
6865896	212	10	10
6867934	770	356	355
6868581	123	3	3
6868582	122	2	2
6878954	285	299	295
6878967	272	2	2
6878994	245	71	71
6895926	327	54	51
6911395	114	2	2
6918902	47	5	5
6947441	25	33	32
6983663	182	2	2
7034557	26	63	61
7070098	26	55	54
7154392	192	20	15
7183373	22	2	2
7236164	23	2	2
7236165	22	75	67
7243915	264	3	2
7250335	867518	4	3
7255203	22	71	53
7255221	44	42	39
7255603	452	7	7
7256180	29	15	14
7257710	100	459	313
7268459	22	60	60
7269591	71	12	7
7274484	38	33	22
7274544	42	2	2
7302116	180	9	9
7307930	289	2	2
7307934	285	20	20
7307966	253	9	9
7308008	211	87	85
7308013	206	2	2
7323067	283	3	3
7334716	22	188	188
7344077	59	154	145
7344124	55	4	4
7344131	48	6	4
7344132	47	256	246
7377592	22	80	77
7388286	22	2	2
7396215	354	53	48
7404308	713485	2	2
7410447	22	63	61
7412212	71	17	11
7417925	127	280	276
7468991	353	2	2
7472543	225	91	90
7494810	96	81	81
7512178	97	1320	916
7512179	96	17	11
7512180	95	3	3
7512182	93	11	8
7512183	92	2	2
7512184	74	17	14
7512185	90	5	5
7512186	89	2	2
7512218	61	69	68
7512282	4	17	17
7512332	25	31	30
7515459	63	369	361
7515464	58	2	2
7515480	42	2	2
7547369	39	200	194
7547404	149	32	31
7547482	400	3	2
7547549	333	8	8
7574491	19	7	7
7610044	115	54	52
7617100	182	9	9
7617101	181	857	849
7617102	180	2	2
7617163	35	6	5
7617296	40	4	4
7617298	38	468	445
7617301	35	2	2
7625653	197	17	17
7691269	94	16	12
7691271	114	351	79
7691272	121	6	2
7691274	107	224	87
7695879	113	34	33
7695981	19	2	2
7702767	63	559	553
7702768	62	5	5
7702857	56	3	3
7723778	82	119	113
7744691	26	11	11
7748541	165	322	320
7748544	162	6	6
7774434	94	15	11
7774439	89	345	264
7774440	88	6	6
7774441	87	4	2
7774443	79	15	9
7774445	83	26	23
7774454	74	3	3
7774455	73	44	43
7774462	66	7	7
7774471	51	9	9
7774483	45	2	2
7777091	44	52	52
7777150	425	3	2
7777181	56	4	4
7797451	322	21	19
7798002	19	2	2
7809065	68	2	2
7809127	102	6	6
7809128	101	22	21
7809129	100	2822	2787
7811472	123	15	15
7811473	122	2434	2405
7811474	121	12	11
7811475	120	2	2
7818790	180	57	55
7818985	274	28	28
7818986	273	2	2
7886836	148	6	6
7886837	147	16	16
7886838	146	2964	2939
7886839	145	13	12
7886840	144	2	2
7895808	198	3	3
7895809	197	5	5
7895810	196	729	726
7895811	195	2	2
7929868	182	5	5
7940433	260	9	9
8010580	19	2	2
8045210	74	101	99
8045217	67	3	3
8045220	64	27	26
8046518	19	2	2
8050831	264	2	2
8050839	283	3	3
8061105	22	59	59
8066414	296	3	2
8066415	84	531	345
8085928	78	10	9
8101859	271	25	25
8102126	78	3	3
8117791	122	283	265
8117801	112	4	4
8117882	49	18	17
8149903	139	274	270
8161502	127	2	2
8162667	77	5	5
8179030	183	14	14
8179035	178	806	798
8179036	177	20	19
8179037	176	27	25
8179040	173	4	4
8207257	180	8	8
8207258	179	264	260
8207259	178	2	2
8209490	27	3	2
8217344	384	111	110
8217721	138	3	3
8217722	137	2	2
8217723	136	15	15
8217724	135	3017	2914
8217725	134	10	10
8217855	21	13	13
8220777	267	339	335
8233306	29	2	2
8250212	77	985	972
8250213	76	2	2
8250215	74	3	3
8250216	73	2	2
8250239	50	7	7
8254923	392	75	60
8255318	207	3	3
8255319	206	3	3
8255320	205	1291	1280
8255321	204	2	2
8255326	199	35	35
8255327	198	19	19
8255328	197	3	3
8255329	196	6	6
8261225	171	97	63
8261392	129	4	2
8262027	205	7	6
8263835	307408	2	2
8265105	178	6	6
8265106	177	19	19
8265107	176	4952	4904
8265108	175	14	13
8265279	80	4	2
8283683	171	906	903
8283684	170	8	8
8300258	19	2	2
8302189	100	3	3
8302190	99	4	4
8302191	98	12	12
8302192	97	41	34
8302193	96	3472	3421
8302194	95	7	5
8302195	94	3	2
8304513	264	110	110
8319855	19	2	2
8321201	74	7	3
8322088	241	5	5
8436255	21	4	4
8436256	20	4	4
8459279	98	2	2
8459280	97	1522	1499
8459281	96	4	3
8461560	28	10	10
8461561	27	802	792
8461584	264	243	239
8493072	21	38	38
8493458	366	128	126
8496158	401	10	10
8496433	126	2	2
8547563	29	2	2
8548163	20	9	9
8648620	401	2	2
8705861	28	60	59
8742428	27689	15	14
8768535	169	35	30
8769800	317	13	13
8789699	464	4	4
8837261	25	10	10
8887417	125	4	2
8980768	314	844	838
8980789	293	52	52
8980791	291	5	5
9009978	167	2295	2258
9009979	166	3	3
9010236	19	137	137
9017552	112	7	7
9017553	111	13	12
9017554	110	2366	2245
9017555	109	7	7
9017657	114	2	2
9017658	113	3	3
9017659	112	25	24
9017660	111	3297	3259
9017661	110	6	5
9017662	109	3	3
9030688	19	3	3
9042341	23	2	2
9042342	22	110	109
9058883	29	2	2
9073324	98	2	2
9073418	412	53	52
9074864	376	11	11
9091409	25	3	2
9130529	412	80	79
9165454	345	26	26
9181891	173	2	2
9230632	170	65	65
9243648	41	103	81
9243685	69	84	83
9243902	24464909	6	4
9288577	134	49	47
9288595	116	4	4
9304174	19	2	2
9321388	19	15	15
9349231	405	2	2
9376410	61	14	14
9379294	148	4	4
9401302	89	3	3
9401310	81	291	289
9401313	78	152	150
9401317	74	3	3
9450341	53	310	309
9450345	49	8	6
9450356	38	8	8
9496849	19	2	2
9504111	272	2	2
9504330	53	291	285
9504334	49	10	9
9504345	38	8	8
9549950	19	4	4
9557775	53	330	324
9557779	49	10	8
9557790	38	10	10
9557795	33	2	2
9635773	47	2	2
9643017	169	8	5
9645453	59	2	2
9661382	86	5	5
9742419	103	3	3
9746051	161	68	17
9779321	22	53	52
9846445	19	2	2
9864839	117	126	123
9864851	105	10	10
9889882	19	2	2
9932788	95	4	4
9932789	94	658	639
9932794	89	9	9
9981473	26	2	2
9982685	136	73	72
10004724	114	3	3
10004834	266	3	3
10026402	103	44	39
10046814	438	22	19
10046842	410	11	11
10047086	166	4	2
10059859	77	21	21
10077429	22	60	58
10077447	408	11	11
10077856	122	44	43
10077857	121	2	2
10153049	20	3	3
10200312	325	11	10
10217253	36	28	27
10219852	192	48	46
10241934	69	2	2
10241935	68	335	178
10262040	44	2	2
10262043	41	106	84
10262080	69	93	90
10262297	23446514	8	7
10295091	206	384	366
10295101	196	41	40
10324300	20	2	2
10351457	19	25	25
10368885	25476	2	2
10368887	25476	2	2
10368937	25476	3	3
10394454	132	273	148
10400470	120	2608	2581
10400471	119	2	2
10400472	118	50	50
10400473	117	7	7
10400474	116	13	13
10400475	115	2	2
10411713	53	4	2
10411714	52	10	9
10411715	51	1026	984
10445859	23	6	6
10450026	304	161	160
10471534	106	130	123
10472404	141	4	4
10472405	140	1583	1328
10472406	139	2	2
10472539	161	2	2
10472540	160	3	3
10472541	159	1388	1374
10472542	158	4	4
10488508	124	3	3
10488509	123	2	2
10488510	122	13	13
10488511	121	3107	3070
10488512	120	7	7
10488513	119	2	2
10488517	115	4	4
10488527	105	2	2
10494597	47	26	25
10515294	151	213	210
10515296	149	12	12
10520207	22	4	3
10559633	24	3	3
10562351	46	199	196
10649075	27	6	6
10653283	24	4	4
10653285	22	3	3
10655434	46	3	2
10748003	472	3	2
10843052	88	47	46
10843148	57	122	116
10843152	53	2	2
10846146	79	53	51
10895366	245	5	5
10895367	244	743	736
10895368	243	3	3
10895518	105062	2	2
10924818	19	6	6
10938309	26	4	2
10942203	350	33	33
10942549	171	1528	1376
10942550	170	4	3
10942555	165	2	2
10942556	164	135	134
10942558	162	4	3
10942576	144	16	16
10942591	28	4	3
10942634	86	17	17
11034516	208	153	32
11034517	207	48	15
11034518	206	35	11
11057015	104	3	3
11057016	103	10	10
11057017	102	1594	1579
11057018	101	4	4
11069977	59	21	21
11069986	50	2	2
11089269	29	8	8
11089270	28	290	286
11090892	118	4	2
11101101	90	2	2
11101102	89	8	7
11101103	88	24	19
11101104	87	2103	1947
11101105	86	6	6
11101108	83	2	2
11101183	109	2	2
11101184	108	3	3
11101185	107	8	8
11101186	106	26	26
11101187	105	3136	3093
11101188	104	7	6
11101192	100	2	2
11101200	92	2	2
11101287	248	4	4
11101288	247	914	910
11123591	19	2	2
11125024	30	46	44
11128913	237	4	4
11128914	236	948	927
11131210	121	25	25
11140755	160	1632	1615
11140756	159	2	2
11140757	158	24	24
11140758	157	6	5
11140759	156	4	4
11140760	155	4	4
11140766	149	9	9
11140772	143	2	2
11141596	148	3	2
11144303	179	45	44
11214966	325	5	4
11234633	277	2	2
11241158	149	2	2
11247867	22	2	2
11250980	21	2	2
11305836	136	5	5
11404653	24	2	2
11404656	21	229	226
11407894	28	3	3
11407895	27	225	223
11416108	163	134	125
11416112	159	2	2
11416158	113	18	15
11416265	127	3	3
11416266	126	13	13
11416267	125	2127	2103
11416268	124	5	5
11451129	66	16	10
11451130	65	987	566
11451131	64	2	2
11493090	66	10	10
11493091	65	962	565
11493092	64	6	6
11520527	93	2	2
11520616	22	3	2
11532294	129	1971	1949
11532295	128	2	2
11532297	126	2	2
11532299	124	579	569
11532300	123	5	5
11532301	122	5	5
11532303	120	3	3
11532304	119	4	4
11532318	105	4	4
11532322	101	8	8
11532326	97	13	12
11532344	79	4	4
11532350	73	6	6
11533076	65	116	113
11554363	433	5	4
11555450	369	2	2
11560185	127	2	2
11560186	126	2	2
11560187	125	25	25
11560188	124	2740	2703
11560189	123	6	6
11560195	117	2	2
11560308	281	3	2
11563188	69	721	714
11563191	66	19	17
11563192	65	2	2
11563193	64	2	2
11586942	19	6	4
11586989	24	40	40
11623889	128	2	2
11623890	127	76	73
11637531	10940841	3	3
11690253	97	51	45
11771780	56	238	190
11771811	25	33	33
11783069	59	3	3
11783070	58	5	5
11783071	57	29	26
11783072	56	1979	1946
11783073	55	4	4
11790163	36	12	12
11821461	385	7	7
11821462	24	2	2
11821464	382	72	72
11821467	379	2	2
11821482	364	11	11
11821705	141	43	41
11821840	50	3	2
11821842	48	14	10
11821887	351	15	14
11843413	102	2	2
11843508	121	2	2
11843509	120	2	2
11843510	119	24	20
11843511	118	2901	2871
11843512	117	5	5
11843513	116	2	2
11843584	31427	2	2
11843590	31427	2	2
11851284	19	204	204
11875052	121	2	2
11875053	120	6	6
11875054	119	12	12
11875055	118	3042	3015
11875056	117	4	4
11879074	423	27	27
11925673	183	7	7
11930024	29	64	64
11930026	27	28	28
11930032	21	2	2
11930033	20	2	2
11930049	77	2	2
11937505	149	214	207
11937614	36347	4	4
11937695	164372	2	2
11938785	183	7	7
11939567	153	2	2
11947509	282	6	3
11953113	321	301	300
11963855	99	5	5
11963856	98	18	17
11963857	97	2369	2332
11963858	96	7	7
11963859	95	2	2
11973999	484080	23	20
11974006	484073	3	3
11974802	466	4	3
11976072	123725	31	31
11976077	123720	2	2
11976347	209690	2	2
11976349	139525	11	10
11983699	97	10	10
11994153	417	35	33
12026099	98	2	2
12026381	75683	3	3
12026382	75683	10	9
12026383	75683	22	21
12026384	75683	15	15
12026385	75683	3	3
12026996	421	34	34
12027000	417	2	2
12053230	149	13	11
12061009	100	59	52
12061105	221	23	23
12099796	271	174	113
12099950	1440933	4	3
12099952	1440931	3	2
12101875	282	2	2
12115873	158	11	4
12116036	132	6	4
12116038	130	54	45
12116039	129	5	2
12116084	70026	5	2
12116087	70028	2	2
12116133	70029	2	2
12116147	70015	2	2
12116184	131	86	69
12116186	129	10	9
12116188	1424695	3	2
12129702	325125	5	5
12129704	325125	9	9
12129793	172	19	19
12129798	167	124	124
12129961	269	333	323
12129989	241	2	2
12133336	214	9	9
12186036	163	724	714
12186037	162	3	3
12186192	1354821	3	3
12186193	1354820	3	2
12186194	1354819	27	19
12186195	136	2438	2018
12186196	135	5	4
12186347	131	49	29
12187659	96	2	2
12206488	45	2	2
12206500	14338918	2	2
12206501	14338917	2	2
12210998	94	2	2
12224627	52064	2	2
12224628	52063	2	2
12224629	146	63	42
12227126	150	95	92
12273557	157	3	2
12276536	155	17	15
12276537	154	3355	3164
12276538	153	3	3
12276541	150	2	2
12293195	25982236	5	5
12311570	161	3	3
12332935	83	2	2
12340411	360	33	32
12350219	32	43	42
12383986	141	2	2
12416354	364	198	198
12429853	87	8	8
12434705	20790	8	6
12452453	289	9	9
12455491	50	31	29
12486655	71	11	11
12486656	70	24	20
12486657	69	2000	1962
12486658	68	4	4
12520469	314	217	217
12532701	19	3	3
12573402	19	24	24
12600518	38	43	42
12600552	35	11	11
12609392	38	35	34
12609426	35	17	17
12628208	121	6	6
12684437	429	12	12
12696490	80	104	104
12696491	79	3	3
12696494	76	2	2
12696500	70	2	2
12706975	99	3	3
12706976	98	209	185
12713269	233	130	130
12714996	342	133	133
12739981	386	2	2
12760661	361	2	2
12761017	153	7	7
12761018	152	1021	990
12761019	151	5	5
12761054	116	1148	1131
12761055	115	99	99
12761056	114	2	2
12761057	113	2	2
12761058	112	4	4
12761059	111	6	6
12761080	90	9	9
12761164	179	2	2
12761165	178	6	5
12761166	177	2259	2227
12761167	176	6	6
12761168	175	4	4
12761169	174	2	2
12761170	173	5	5
12761176	167	9	9
12761182	161	3	3
12761219	124	11	11
12761233	110	66	63
12761339	365	89	81
12761343	361	83	83
12761351	353	7	7
12761352	352	7	7
12766837	208	3	3
12766847	198	3	3
12780996	172	7	7
12780997	171	895	889
12781002	166	2	2
12781051	117	2	2
12781164	365	150	148
12786489	113	2	2
12968942	27	31	22
12968952	376	9	9
12969233	520689	3	2
12969324	118	3	3
12982459	50	5	5
12989783	29771223	4	4
13017897	56	38	38
13071277	56	18	13
13071452	59	42	41
13071484	27	2	2
13223987	41	28	28
13259967	83044	2	2
13259969	83042	4	2
13259970	83041	4	3
13259971	83040	19	9
13259972	118	494	439
13259973	117	6	4
13259994	239924	2	2
13281513	24	38	37
13289238	24	3	3
13306283	135840	3	3
13343008	120	12	6
13343009	119	43	25
13343010	118	6985	6920
13343011	117	21	21
13343012	116	5	4
13343022	106	7	5
13343023	105	7	7
13343124	363	47	47
13344399	105	26	26
13344427	155527	5	5
13386111	106	155	148
13436729	19	1102	1101
13479180	221	41	41
13490015	10003	2	2
13499632	386	7	7
13500011	121	4	4
13500012	120	5	5
13500013	119	39	39
13500014	118	5792	5694
13500015	117	23	22
13500019	113	2	2
13528011	359	2	2
13530510	290	246	243
13538799	144	11	9
13540880	136	6	6
13540881	135	30	29
13540882	134	5936	5885
13540883	133	14	14
13541010	154	2	2
13541011	153	8	7
13541012	152	5015	4876
13541013	151	4	4
13541014	150	3	3
13541160	150	51	48
13585899	107	24	22
13586009	94	65	63
13622539	23	10	10
13622540	22	7	7
13713266	102	29	28
13713363	120	2	2
13713364	119	484	452
13726739	106	63	61
13771895	443	13	13
13778790	255	12	11
13784917	83	4	4
13784918	82	17	17
13784919	81	2091	2059
13784920	80	3	3
13801243	113	8	8
13801244	112	15	15
13801245	111	2061	2031
13801246	110	8	7
13801351	75	17	17
13801352	74	757	745
13801353	73	2	2
13839788	2480	22	22
13841868	400	30	29
13843369	44	2	2
13848024	132	4	4
13848025	131	9	8
13848026	130	34	34
13848027	129	3568	3544
13848028	128	7	7
13862051	259	20	18
13909302	161	2	2
13912723	136	2	2
13926554	139	6	6
13926555	138	27	27
13926556	137	3156	3122
13926557	136	2	2
13959811	222	2	2
14010941	164	11	11
14035842	108	2	2
14044487	347	2	2
14072379	19	3	2
14091935	20	17	17
14132233	271	5	5
14198965	223	3	3
14290260	212	215	211
14294386	57	2	2
14295268	168	1018	751
14295287	149	179	137
14295289	149	3	2
14295290	146	2	2
14320279	147	151	149
14320282	144	4	4
14498331	19	4	4
14544823	97	4	3
14544824	96	13	9
14544825	95	1650	1291
14544826	94	6	4
14544833	78	441	395
14545637	21728987	4	4
14763594	226	2	2
14763618	202	63	62
14770689	163	533	530
14770690	162	2	2
14770693	159	11	11
14770717	135	3	3
14788660	269	21	13
14820528	202	82	82
14869010	129	5	5
14886519	215	45	45
14887718	258	3	3
14887719	257	648	642
14895847	136	58	58
14920731	65	6	6
14935650	65	2	2
14962298	19	11	11
14988249	155	48	44
14988262	142	2	2
15040985	406	3	3
15040986	405	5	5
15042421	228	83	63
15042485	105	16	16
15074742	73	75	67
15227876	111	2	2
15229212	265	8	8
15247216	88	2	2
15418764	156	2654	2624
15418765	155	7	7
15418768	152	45	45
15418769	151	3	3
15418776	144	9	9
15418777	143	2	2
15423149	443	19	17
15555157	5270923	6	5
15555159	5270923	9	9
15569859	5256221	7	6
15569861	5256221	8	8
15569863	5256221	2	2
15710180	23	71	70
15714539	20	21	21
15817453	302	2	2
15817454	301	640	633
15817455	300	4	4
15824013	84	7	7
15824014	83	17	17
15824015	82	2057	2033
15824016	81	2	2
15824093	253	4	4
15882170	30	78	43
15925913	320	52	51
15925976	257	15	14
15925984	249	1093	1092
15925985	248	27	26
15925986	247	18	18
15925987	246	3	3
15925988	245	5	5
15926229	360	103	103
15926585	151	4	3
15986677	300	119	110
16027475	300	665	665
16027616	159	2	2
16055410	264	2	2
16055411	263	515	512
16055412	262	3	3
16055416	258	6	6
16072279	100	2	2
16072280	99	694	680
16072281	98	2	2
16083607	61	9	8
16104489	174	2	2
16152403	23	25	25
16179100	77	135	132
16179101	76	10	10
16179103	352828	2	2
16233773	71	94	93
16269214	46	14	12
16294557	37	8	8
16325260	184	14	14
16325445	369	12	12
16325467	202	2	2
16325468	346	4	4
16335571	53	3	3
16338758	21	2	2
16416144	150	3	2
16447402	40	4	4
16447413	29	2	2
16447420	22	2	2
16457704	19	24	24
16458524	30	2	2
16458550	445	7	5
16458562	433	49	47
16458586	409	7	7
16458591	404	2	2
16458592	403	2	2
16458594	401	2	2
16458990	178	3	3
16458991	177	1161	1019
16459091	254	11	11
16459163	182	8	8
16459164	181	1276	1267
16459165	180	6	6
16459204	141	7	7
16475221	31	13	3
16496375	253	5	5
16559456	89	76	75
16568600	24	2	2
16568604	20	5	5
16611232	75	137	135
16611279	57	4	4
16611280	56	16	12
16611281	55	1857	1203
16611282	80	6	4
16611286	50	28	19
16611289	73	2	2
16611358	83	22	22
16617518	432	19	19
16619954	235	548	541
16632266	226	411	408
16632396	58268	20	20
16632397	58268	35	33
16632398	58268	12	12
16632434	58267	2	2
16635083	26	3	3
16668734	226	44	30
16690758	226	8	7
16736181	19	116	116
16754756	156	25	19
16769483	265	16	16
16828691	372	3	2
16828835	228	63	58
16829059	189	23	21
16842822	64	11	11
16855225	105	43	43
16866829	197	6	6
16867048	189	44	43
16876184	182	13	13
16876269	1815098	9	9
16876270	1815098	8	7
16876271	1815098	15	14
16876272	1815098	6	6
16876273	1815098	17	17
16876362	161	162	80
16876369	41	5	5
16876370	40	28	27
16876378	32	2	2
16876426	1814941	2	2
16876427	1814941	3	3
16876428	1814941	4	4
16876429	1814941	4	4
16876503	20	54	54
16901643	407	3	3
16905866	56	2	2
16905867	55	98	97
16905918	304	6	5
16925292	264	5	4
16925293	263	640	636
16955482	234	2	2
16955483	233	2	2
16955484	232	611	605
16955712	91	2	2
16976056	406	194	191
16976057	405	4	4
16976102	360	91	91
16976458	471	12	11
16982340	263	734	726
16982341	262	2	2
16989940	22	2	2
17022035	39	11	7
17027501	28	3	3
17030071	39	4	4
17030080	30	10	10
17030108	2	11	11
17031172	30	3	3
17031200	2	9	9
17147497	370	115	113
17147498	369	2	2
17167930	19	3	3
17181558	81	2	2
17235750	25	2	2
17266288	318	2	2
17266289	317	486	486
17266290	316	3	3
17477541	259	3	3
17477542	258	555	550
17477543	257	2	2
17599252	19	2	2
17668625	106	29	25
17678641	174	2	2
17724483	80	4	4
17772711	80	45	45
17773308	137	9	8
17798800	33	9	8
17813988	641877	6	6
17842190	125	24	24
17842900	390	9	9
17846080	25	3	3
17926827	194	35	35
18097183	138	88	45
18121135	248	3	3
18121206	177	32	32
18202652	767442	10	10
18202653	767442	13	13
18209071	19	2	2
18211115	22	5	5
18249907	213	38	38
18285153	239	11	10
18298165	48	2	2
18320399	897509	4	2
18325594	31	5	3
18434660	239	9	8
18455524	341	39	39
18514848	65	2	2
18568130	269	89	87
18568395	80	68	63
18610032	19	2	2
18624165	135	55	55
18637498	105	593	227
18637499	117	8	5
18637500	103	13	6
18637507	109	25	20
18637508	95	6	4
18681943	40	63	60
18691125	172	166	146
18691459	114	62	59
18691497	76	8	8
18691513	60	28	27
18710230	397	9	9
18721579	203	24	24
18799479	346	5	5
18799821	26	2	2
18820005	68	6	6
18875837	246	2	2
18875839	244	312	306
18956045	341	35	35
18956068	318	3	3
18975646	31	3	3
19049232	133	25	24
19056771	199	3	3
19066972	62	2	2
19067313	122	43	38
19109429	75	28	28
19109434	70	2	2
19109814	141	17	17
19109835	120	21	21
19166119	301	9	4
19217974	88	5	2
19220802	22	7	7
19226911	130	7	7
19226915	126	2	2
19231374	32	13	13
19231385	21	14	14
19303328	306	15	15
19320358	137	368	367
19333484	425	11	7
19412414	339	2	2
19446624	125	5	5
19446625	124	374	369
19446626	123	4	4
19534129	418	5	5
19561983	104	4	4
19659248	194	36	36
19739337	271	40	29
19761102	326	2	2
19790955	326	6	6
19799088	38	132	113
19831033	170	2	2
19831034	169	16	16
19831035	168	2830	2801
19831036	167	4	4
19831044	159	2	2
19831199	333	3	2
19837459	66	2	2
19837460	65	2	2
19837461	64	278	256
19840219	215	10	10
19840564	422	13	12
19840577	409	3	3
19840579	407	4	4
19850367	105	5	5
19850368	104	10	10
19850369	103	1941	1922
19850370	102	3	3
19850399	73	4	4
19850414	27	115	115
19850423	49	2	2
19850873	45	45	44
19850885	33	2	2
19853425	110	71	70
19855167	271	2	2
19855168	270	583	579
19883741	293	152	150
19883745	289	2	2
19884030	35	16	15
19886830	360	2	2
19893190	268	2	2
19903181	300	2	2
19940703	23	2	2
20009218	28	68	68
20062027	151	190	178
20062174	154	149	143
20062185	143	10	10
20131366	162	2	2
20236109	164	5	5
20282217	383	72	68
20299765	343	217	208
20323541	278	450	449
20494570	344	11	11
20550467	319	86	82
20605959	276	209	208
20707787	126	82	80
20707796	117	3	2
20784101	106	3	3
20784102	105	276	260
20796288	377	39	39
20826120	87	39	36
20842690	170	6	3
20842691	169	2119	1481
20842692	168	5	4
20842856	104	10	10
20842861	99	1745	1726
20842862	98	55	55
20842863	97	60	60
20842864	96	2	2
20842865	95	10	9
20842866	94	5	5
20930368	340	146	142
20930369	339	2	2
20930704	101	3	2
20933399	310	2	2
20933703	285	2	2
20933705	283	469	467
20933857	131	2	2
20999314	28	19	13
21007020	29	2	2
21007021	28	21	21
21014773	28	18	13
21022225	20	5	5
21034960	176	19	19
21080165	27	2	2
21089949	238	9	7
21111834	386	8	8
21152917	235	710	706
21152918	234	2	2
21152920	232	15	14
21152921	231	3	3
21277630	28	10	10
21363542	175	2	2
21459047	21	2	2
21594156	119	2	2
21603016	241	2	2
21603017	240	8	8
21603018	239	18	18
21603019	238	3134	3117
21603023	234	2	2
21609450	237	3	3
21609451	236	1181	1171
21609452	235	3	3
21609683	157	3	2
21647970	148	3	3
21688394	136	2	2
21688398	132	250	250
21688399	131	8	7
21688400	130	5	5
21688407	123	2	2
21691330	82	2	2
21693555	254	440	159
21718158	33	46	33
21741707	22	22	21
21746643	54	4	2
21802006	72	5	4
21802007	71	13	7
21802008	70	2378	2313
21802009	69	11	11
21802020	58	78	76
21802074	321	4	4
21820855	19	26	26
21847176	132	65	42
21847223	76	2	2
21847224	163	341	165
21847228	86	12	11
21847249	318	3	3
21847383	184	11	11
21860275	352	4	4
21950714	20	23	23
21950983	74	2	2
21970464	278	52	50
22039494	349	132	132
22074332	244	578	571
22074333	243	3	2
22078111	286	483	480
22134255	19	2	2
22166859	222	3	3
22166901	178	9	8
22166985	51	2	2
22184003	360	76	75
22212212	30	2	2
22240182	431	47	45
22240606	124	4	4
22240607	123	9	9
22240608	122	19	19
22240609	121	2965	2937
22240610	120	2	2
22257864	56	2	2
22257866	265	504	294
22257867	264	2	2
22257916	215	108	105
22279012	109	48	48
22279117	267	25	25
22279314	70	6	6
22279380	62	48	47
22289930	210	4	4
22289931	209	6	6
22289932	208	1923	1900
22289933	207	6	6
22290400	257	2	2
22290653	354	79	78
22291003	325	3	2
22310978	293	94	94
22452121	15369120	2	2
22553510	25	8	8
22578205	227	4	4
22578221	211	2	2
22578229	203	8	8
22578274	158	4	4
22578285	147	2	2
22578305	127	34	34
22578306	126	2	2
22578323	109	3	3
22578327	105	2	2
22578337	95	250	249
22578339	93	2	2
22578360	72	2	2
22578361	71	4	4
22578366	66	4	4
22578373	59	2	2
22578389	43	6	6
22604536	78	3	3
22604537	77	111	97
22604549	65	15	14
22747849	22	2	2
22747851	20	294	294
22750554	409	4	4
22750556	407	2	2
22750927	36	4	4
22762565	400	2	2
22774062	32	17	17
22809180	91	3045	2978
22809181	90	3	3
22809187	84	43	41
22809188	83	14	12
22809194	77	22	22
22809195	76	3	3
22809196	75	2	2
22809215	56	21	21
22897794	229	2	2
22938178	22	5	5
22938179	21	2	2
22977573	238	24	24
23039188	192	2	2
23039189	191	10	9
23039190	190	2014	1997
23039191	189	5	5
23039376	76	1518	1490
23039377	75	6	6
23039381	71	57	56
23039382	70	2	2
23039383	69	5	5
23039384	68	4	4
23039448	137	3	2
23048149	82	5	5
23051177	399	3	3
23065474	175	5	5
23065475	174	1237	1226
23065485	164	162	158
23065487	162	3	3
23130133	68	37	36
23130136	65	199	180
23130137	64	93	85
23130138	63	112	67
23130139	62	44	33
23130140	61	18	14
23130141	60	5	5
23130144	57	2	2
23214658	72	2	2
23215577	22	2	2
23446023	19	2	2
23663396	30	26	26
23692405	211	1080	1071
23692409	207	18	18
23692410	206	6	6
23692418	198	14	14
23692528	88	2	2
23692612	199	507	392
23692613	198	2	2
23724669	19	160	160
23751913	273	5	5
23751914	272	1397	1386
23751915	271	5	5
23751989	197	4	4
23752182	99	3	2
23756860	254	4	4
23756861	253	6	6
23756862	252	1603	1597
23756863	251	4	4
23756919	195	5	4
23760405	28	4	2
23805029	231	191	189
23805031	229	15	15
23805042	218	3	3
23855660	168	325	321
23855664	164	8	8
23868653	87	3	2
23868654	86	30	30
23868655	85	2415	2376
23868656	84	4	4
24034589	19	76	76
24098638	348	85	81
24108881	274	9	9
24109161	289	416	415
24111962	72	2	2
24111964	70	2	2
24111965	69	7	7
24111966	68	41	38
24111967	67	1891	1855
24111968	66	3	3
24131019	19	2	2
24201999	184	110	69
24202804	423	5	4
24345935	393	2	2
24345936	392	128	124
24348582	124	3	2
24349598	293	113	111
24349609	282	3	3
24436208	426	5	5
24491489	91	2	2
24492901	19	12	12
24493881	836	2	2
24505328	21	16	10
24505399	289	393	386
24505400	288	2	2
24531092	38	402	395
24531093	37	14	9
24531094	36	2	2
24531095	35	2	2
24557983	20	2	2
24661552	280	2	2
24674430	19	46	46
24794551	42	59	59
24875666	130	3	2
24900311	53	111	110
24900315	49	3	3
24900316	48	2	2
24900360	230	146	145
24925010	278	2	2
24958902	242	2	2
24958904	240	3	3
24958905	239	950	896
24958906	238	2	2
24959140	247	419	417
24959150	237	4	4
24959185	202	27	27
24959378	120	2	2
24959381	117	3	3
24959382	116	5	5
24959383	115	959	943
24959384	114	3	3
25006712	417	50	48
25148709	20	92	92
25175469	387	4	3
25215347	393	2	2
25293095	296	3	2
25353845	377	2	2
25427368	95	3	3
25427369	94	1847	1824
25427371	92	38	38
25427372	91	5	5
25427373	90	6	6
25427374	89	5	5
25427377	86	528	524
25437649	28	2	2
25438752	152	2	2
25453476	19	3	3
25504467	26	2	2
25597371	77	175	39
25677647	199	92	72
25688120	399	58	58
25688125	394	2	2
25750555	68	1255	1157
25750556	67	2	2
25750619	86	1961	1870
25750620	85	2	2
25750638	67	2	2
25781059	168	4	4
25781223	28	6	6
25810741	274	720	454
25834338	141	2435	2427
25834339	140	16	16
25834340	139	2	2
25834341	138	4	4
25834342	137	5	5
25834348	131	47	47
25834382	33273	3	2
25834383	33273	2	2
25834386	33273	2	2
25834417	33273	3	3
25834426	33273	2	2
25834428	33273	2	2
25834475	310	80	79
25855957	141	2	2
25856094	310	65	65
25867750	142	7	7
25867751	141	863	849
25867752	140	2	2
25867888	310	130	126
25876461	220	10	10
25881618	32	6	6
25881646	4	67	67
25883950	104	51	46
25886991	282	22	21
26007579	106	3	3
26007681	158	10	10
26061087	137	16	14
26126443	148	74	69
26126449	142	5	5
26143392	83	17	17
26154584	116	624	616
26154589	111	24	24
26154590	110	4	4
26154591	109	2	2
26170044	23	3	3
26196399	38	340	247
26196433	213	640	636
26222167	352	60	60
26222513	27	2	2
26367949	135	5	2
26425797	104123	5	3
26425798	68	10	5
26425799	67	25	13
26425800	66	387	359
26447788	123	4	2
26455211	107	3	2
26465612	62	5	5
26465617	57	442	438
26529843	77	6	3
26529844	76	2036	1987
26529845	75	7	7
26530728	107	27	22
26535250	155	2	2
26535400	185	7	7
26535401	184	1879	1861
26535402	183	5	5
26535403	182	3	3
26537698	31	293	183
26559954	132	2	2
26564740	188	3	3
26564741	187	15	15
26564742	186	2057	2036
26564743	185	11	11
26580814	245	2	2
26686343	21	18	18
26686425	19	9	9
26719404	136	41	39
26719413	127	2	2
26719420	120	8	8
26770760	407	2	2
26808966	290	10	9
26822453	29	3	2
26830088	31	8	5
26830089	30	319	285
26830113	144	3	3
26830114	143	16	16
26830115	142	3136	3099
26830116	141	6	6
26886383	20	8	8
26897565	315	288	286
26897874	242	3	3
26897875	241	10	10
26897876	240	1798	1766
26897877	239	7	7
26897878	238	2	2
26901245	337	116	116
26901577	257	2	2
26901578	256	662	652
26901830	53	37	34
26901831	52	2	2
26911287	19	5	5
26918067	50	4	3
26918113	358	129	124
26930319	4	51	51
27080835	410	6	4
27108162	112	2	2
27187109	95	119	119
27214133	298	264	263
27214134	297	2	2
27235406	82	28	28
27241941	181	62	59
27241957	165	267	265
27241967	155	2	2
27242118	133	10	9
27256349	181	62	62
27256383	147	10	10
27256389	73	22	22
27256526	133	1040	901
27256527	132	2	2
27256545	114	27	25
27256568	91	2	2
27256575	84	3	2
27268845	20	49	49
27353689	277	2	2
27359761	60	5	5
27416601	387	169	168
27424431	39	42	41
27425241	39	2	2
27425242	38	2	2
27425244	36	645	634
27425248	32	47	47
27425249	31	5	5
27428105	19	7	7
27433964	19	4	4
27434423	19	5	5
27451666	347	54	51
27452007	100	3	3
27452008	99	17	17
27452009	98	1533	1525
27452014	93	28	27
27452543	382	40	38
27460179	148	3	3
27460181	146	15	15
27460182	145	2232	2215
27460183	144	8	8
27460186	141	2	2
27493591	72	2	2
27493592	71	7	4
27493593	72	16	12
27493594	69	2109	1113
27493595	68	5	3
27519236	405	7	7
27538863	147	2	2
27538864	146	16	16
27538865	145	2779	2769
27538866	144	8	8
27576703	21	40	40
27580219	301	63	63
27587746	227	39	38
27591190	223	5	5
27618499	20	2	2
27622822	27	3	2
27628931	360	25	23
27640745	52	2	2
27640826	75	3	3
27642641	437	2	2
27642643	433	2	2
27658433	475	3	2
27702842	35	24	19
27740486	61	3	2
27740492	43	3	3
27749343	89	73	70
27765509	240	22	22
27788714	47	2	2
27788715	46	3	3
27788716	45	17	12
27788717	44	1372	1348
27788718	43	5	5
27790890	194	4	4
27790891	193	926	919
27790892	192	2	2
27791079	236	4	4
27791080	235	747	744
27791120	195	2	2
27793166	261	6	6
27793167	260	1361	1353
27811291	313	16	15
27829588	204	592	590
27829589	203	2	2
27866958	151	33	32
27893352	22	2	2
28025687	19	14	14
28071263	119	3779	3737
28071264	118	3	3
28071384	401	7	7
28071388	397	30	29
28124900	37	29	28
28124901	36	6	6
28124903	34	2	2
28128981	142	2	2
28154138	143	7	7
28157201	353	2	2
28159807	129	19	19
28159808	128	2489	2466
28159809	127	3	3
28182207	284	3	2
28221431	135	1507	1492
28221442	124	237	236
28221443	123	4	4
28221449	117	15	15
28221450	116	7	7
28238761	320	25	25
28239077	165	52	52
28307072	19	2	2
28338881	20	16	16
28364959	247	18	18
28390295	244	481	470
28390296	243	2	2
28390304	235	43	42
28399866	73	2	2
28414652	197	10	10
28414653	196	2007	1994
28414654	195	6	6
28414655	194	2	2
28456989	26	2	2
28462627	24	192	190
28462894	19	2	2
28474882	24	3	2
28511343	370	5	5
28591089	383	63	63
28594565	90	76	75
28810114	166	28	27
28836156	257	2	2
28858959	204	2	2
28869903	219	3	3
28899094	259	6	6
28899095	258	1202	1196
28899296	57	31	31
28899299	54	2	2
28905609	444	15	13
28910004	101	4	4
28910005	100	350	347
28910025	80	15	15
28910227	20	3	3
28922840	256	2	2
28942131	146	3	3
28977073	248	2	2
29010561	123	49	47
29010569	115	2	2
29010589	95	14	13
29010590	94	1387	1358
29010591	93	5	4
29010592	92	2	2
29039197	241	16	16
29039434	397	88	88
29039439	392	2	2
29063402	133	3	3
29063531	190	2	2
29085603	249	4	4
29085604	248	645	644
29085605	247	2	2
29092888	21	4	4
29129180	40	165	159
29133016	115	6	6
29133017	114	756	732
29133018	113	5	5
29133030	101	3	3
29160425	436	8	8
29213229	42	3	3
29213230	41	9	6
29213231	40	776	753
29213232	39	3	3
29219774	114	252	238
29219775	113	2875	2736
29219776	112	2	2
29219777	111	10	10
29219778	110	5	5
29219779	109	15	15
29219781	107	2	2
29219797	91	4	4
29219805	83	2	2
29220676	47	8	8
29220677	46	294	283
29221340	204	24	24
29229025	433	6	6
29229452	150	7	7
29229453	149	8	8
29229454	148	2626	2568
29229455	147	3	2
29229459	143	54	54
29246666	426	74	74
29257664	164	5	5
29257665	163	1750	1709
29257666	162	2	2
29258854	112	2	2
29276856	26	96	96
29283256	280	3	3
29283257	279	323	320
29283258	278	2	2
29346024	242	2	2
29346025	241	477	473
29348273	106	17	14
29371200	23	31	31
29373379	41	3	3
29379932	338	164	160
29409599	19	9	9
29445054	437	13	13
29472359	75	2	2
29474235	4	9	8
29478067	244	18	10
29497456	116	2	2
29497458	114	2	2
29497459	113	9	8
29497460	112	19	19
29497461	111	3119	3091
29497462	110	8	8
29500451	244	91	89
29500469	226	2	2
29500474	221	167	166
29500475	220	3	3
29500476	219	6	6
29503064	194	10	10
29503065	193	670	640
29503066	192	2	2
29503252	233	2	2
29503254	231	718	709
29505385	403	33	33
29515871	457	4	3
29516324	25	3	2
29522868	31	10	10
29581835	24	2	2
29585055	179	33	33
29696302	236	11	10
29715689	392	12	12
29716077	341	25	23
29718399	45	26	6
29718402	41	8	5
29744149	182	35	35
29794731	68	11	11
29809009	40	3	3
29809010	39	10	9
29809011	38	952	944
29809012	37	4	4
29827992	375	169	167
29829415	233	488	481
29829642	140	2	2
29829643	139	23	23
29829644	138	3033	3007
29829645	137	10	10
29837463	4	2	2
29871848	305	270	259
29897247	115	2	2
29899847	29	2	2
29899848	28	141	136
29915355	3054	2	2
29918499	194	241	231
29927614	145	2	2
29947120	174	3	3
29947121	173	17	16
29947122	172	2186	2154
29947123	171	3	3
29947287	5210	2	2
29947288	121	7	5
29947289	120	7	5
29947290	119	2172	1973
29949869	207	2	2
29952378	119	2	2
29952380	288	5	4
29952381	287	969	627
29954873	281	139	138
29957934	58	7	7
29957935	57	29	25
29957936	56	1605	1576
29957937	55	3	3
29967143	243	5	5
29967145	241	1007	999
29971918	29	21	19
29985607	87	2	2
29986519	287	3	2
30007764	23	164	163
30007765	22	3	3
30007766	21	4	4
30008419	193	2	2
30008422	190	12	12
30008423	189	1571	1561
30077112	29	13	13
30087685	150	3	3
30087686	149	10	10
30087687	148	2051	2034
30087688	147	4	4
30098086	231	914	903
30098087	230	3	3
30098088	229	12	12
30098090	227	4	4
30098095	222	7	7
30144656	45	4	4
30180390	275	197	115
30180558	41	5	5
30180661	270	64	37
30180693	164	61	51
30180927	220	57	43
30240017	379	54	52
30240034	362	7	7
30260601	194	17	17
30287279	142	52	51
30520977	205	2	2
30559615	235	38	38
30559618	232	25	25
30559628	222	2	2
30559759	2945213	7	7
30574447	234	147	97
30574450	233	7	5
30574452	229	7	7
30574509	172	37	19
30574512	169	8	8
30574513	170	4	4
30677930	127	2	2
30677931	126	4	3
30677932	125	21	21
30677933	124	3679	3539
30677934	123	11	10
30678049	28	2	2
30678052	25	2	2
30678053	24	263	242
30678073	368	92	89
30682057	255	2	2
30682059	253	3	3
30682060	252	1026	1020
30697474	332	2	2
30697475	331	140	138
30716189	271	2	2
30716190	270	685	679
30717310	54	15	12
30717311	53	1470	1451
30717312	52	5	5
30717316	48	22	22
30717317	47	2	2
30717318	46	3	3
30722638	222	5	5
30722639	221	1081	1071
30722640	220	4	4
30727780	99	55	55
30739548	121	3	2
30778509	412	54	52
30786601	230	2	2
30865695	74	2	2
30870205	82	3	2
30921035	280	2	2
30921036	279	178	178
30933133	40	4	4
30933134	39	268	255
30936536	118	2	2
30951913	20	2	2
30973834	287	9	9
31016588	24	13	13
31025761	58	5	5
31033088	67	2	2
31033151	282	231	217
31036911	188	2	2
31135304	19	2	2
31178866	23	2	2
31188382	42	6	5
31188383	41	928	904
31188384	40	2	2
31204645	149	2	2
31205362	90	5	5
31205363	89	17	15
31205364	88	1447	1430
31205365	87	3	3
31205448	241	2	2
31233186	145	2	2
31252220	12828	5	4
31252277	4	23	21
31274420	271	2	2
31274421	270	4	4
31274422	269	1192	1186
31274423	268	2	2
31274429	262	2	2
31275455	35	101	98
31276210	296	42	42
31279584	573	3	2
31289568	97	179	172
31312567	63	5	3
31331021	315	2	2
31359761	54	61	61
31359762	53	2	2
31390060	318	68	67
31416601	417	54	52
31417014	329	213	212
31417339	188	3	2
31441050	242	3	3
31466412	77	144	143
31466422	67	9	9
31466423	66	17	15
31466424	65	1409	1384
31466425	64	4	4
31474470	172	166	163
31474471	171	4	4
31488387	131	5	5
31488388	130	24	15
31488389	129	2535	2506
31488390	128	4	4
31488422	45413	4	2
31488486	45413	2	2
31533928	131	2	2
31533929	130	8	8
31533930	129	2482	2468
31533931	128	3	3
31533932	127	3	3
31552600	120	2	2
31552601	119	4	4
31552602	118	20	20
31552603	117	2712	2685
31552604	116	12	12
31552605	115	5	5
31565775	21	3	3
31648092	169	21	21
31648098	163	4	3
31648099	162	7	7
31648457	44	2	2
31648459	42	210	208
31648475	26	117	117
31648523	33	4	3
31752693	70	509	506
31752695	68	10	10
31752697	66	3	2
31807354	47	7	7
31807397	353	3	3
31807921	6422212	2	2
31811692	115	317	243
31811702	105	14	12
31811749	58	11	10
31811750	57	2	2
31811761	46	8	8
31837803	120	2	2
31875035	268	3	2
31966376	22	12	12
31977345	1270645	2	2
32000668	269	488	482
32002123	33	15	13
32003848	55	428	403
32003850	53	26	24
32003852	51	3	3
32011524	148	2	2
32011527	145	4	4
32011528	144	15	15
32011529	143	3110	3081
32011530	142	6	6
32011536	136	4	4
32011537	135	2	2
32062843	314	10	10
32065567	26	2	2
32065568	25	673	611
32065569	24	3	3
32065572	21	2	2
32065579	22	4	4
32134214	231	15	15
32174040	42	2	2
32188441	237	6	6
32188442	236	395	385
32189454	341	33	8
32194647	176	3	2
32195524	291	2	2
32195525	290	6	5
32195526	289	1849	1838
32195527	288	2	2
32195809	192	4	4
32195810	191	3	3
32195811	190	1881	1810
32195812	189	3	3
32195822	179	23	23
32195823	178	52	52
32195826	175	2	2
32195852	149	2	2
32202654	148	3	3
32221396	93	21	21
32235315	172	2	2
32235316	171	2	2
32235317	170	3	3
32235318	169	18	18
32235319	168	2748	2737
32235320	167	6	6
32235321	166	4	4
32319055	49	3	3
32319056	48	6	6
32319057	47	27	24
32319058	46	1543	1523
32319059	45	5	5
32319060	44	2	2
32334864	85	29	27
32335674	215	2	2
32357290	225	20	18
32382882	42	16	16
32417421	417	20	19
32434085	383	51	36
32434111	363	9	8
32446691	159	13	13
32446692	158	2630	2600
32446693	157	3	3
32446700	150	2	2
32460608	413	9	9
32471492	417	9	9
32479612	130	10	8
32505083	19	2	2
32507055	21	158	158
32521008	25	2	2
32521011	22	42	41
32537728	21	144	144
32585047	236	17	10
32672238	25	7	7
32672634	263	280	196
32672671	226	34	34
32672680	217	5	5
32672688	209	263	262
32672802	1035915	2	2
32721129	88	540	532
32721132	85	14	14
32721133	84	3	3
32732447	462	4	3
32737537	58	129	123
32737540	55	5	5
32745525	427	5	5
32767473	75	10	10
32786975	365	38	35
32800765	120	3	3
32800766	119	3	3
32800767	118	11	10
32800768	117	2487	2420
32800769	116	9	9
32800789	96	2	2
32800880	133	4	4
32800881	132	426	423
32817725	263	35	35
32852918	239	6	6
32865250	329	19	19
32901377	21	3	3
32914663	23	6	6
32945884	252	2	2
32970938	1825196	3	3
32993678	20	243	242
32993679	19	2	2
33033816	4	58	58
33036617	47	7	7
33048530	226	2	2
33081745	314	4	4
33081746	313	573	534
33081747	312	2	2
33081984	75	42	42
33119266	51	11	8
33147085	277	4	3
33151026	235	334	331
33151029	232	3	3
33151255	48	4	2
33151256	47	15	11
33151257	46	1313	938
33151258	45	5	4
33151298	197	5	5
33151299	196	1925	1908
33151300	195	6	6
33151491	81	3	2
33164315	149	2	2
33170451	78	24	24
33175011	213	5	5
33184700	19	58	58
33198158	246	2	2
33198159	245	194	193
33203291	34	15	10
33203292	33	698	685
33203293	32	3	3
33218648	133	3	2
33223223	84	5	4
33233675	466	6	4
33247720	274	28	27
33247990	283	360	357
33247991	282	2	2
33248046	227	6	6
33290008	312	497	472
33307524	189	39	39
33317895	116	555	535
33317899	112	13	13
33324344	358	12	12
33338223	141	114	113
33342467	19	4	4
33390832	404	5	3
33446909	28	11	11
33446912	25	2	2
33491498	1748535	23	21
33492232	132	136	135
33515663	314	59	58
33515873	104	472	468
33515880	97	10	10
33515881	96	1759	1742
33515882	95	22	22
33515883	94	5	5
33515884	93	9	9
33515885	92	3	3
33515886	91	7	7
33515891	86	3	3
33562088	359	2	2
33577958	319	275	275
33577963	314	5	5
33578007	270	11	11
33578008	269	2	2
33583611	171	697	694
33583612	170	8	8
33583622	160	592	589
33583626	156	2	2
33583627	155	3	3
33640756	94	64	63
33640767	83	5	5
33646259	201	282	277
33660132	162	5	5
33660134	160	281	279
33660135	159	2	2
33708776	38	2	2
33708787	27	9	9
33708810	143	127	110
33709328	87	17	10
33709332	6430344	4	3
33767919	71	153	148
33767920	70	3	3
33767921	69	11	11
33768016	125	2	2
33816243	188	2	2
33933345	114	2	2
33949338	24	11	11
33949574	195	3	3
33949883	38	9	9
33952589	191	234	197
34017243	236	18	18
34025116	257	3	2
34025117	94	518	177
34025134	154	12	10
34025136	154	2	2
34025240	79	49	47
34025273	340	6	5
34025282	43	4	3
34025296	241	2	2
34025318	295	3	2
34025319	54	5	3
34025320	53	12	5
34025321	190	2350	1061
34025465	148	2	2
34025469	144	381	372
34025470	143	8	8
34025471	142	15	15
34025472	141	4	4
34025473	140	6	6
34025513	100	3	3
34025517	96	373	370
34025518	95	6	6
34025519	94	16	16
34025520	93	2	2
34025521	92	10	10
34025561	52	3	3
34025565	48	975	957
34025566	47	11	10
34025567	46	19	18
34025568	45	3	3
34025570	43	2	2
34037061	130	1304	1276
34037062	129	6	6
34038105	268	627	623
34085299	32	231	228
34193538	136	150	108
34193545	129	302	220
34193546	128	3	3
34193614	66	132	89
34193616	64	3	3
34197715	181	55	54
34218200	130	15	15
34218201	129	3250	3221
34218202	128	8	8
34246968	277	2	2
34246969	276	93	88
34269496	49	15	15
34269497	48	1643	1613
34269498	47	5	5
34269501	44	2	2
34280879	74	14	14
34324921	26	2	2
34329141	26	10	10
34329163	116	6	6
34402025	173	23	23
34402032	166	3	3
34402148	50	26	26
34402154	143	2	2
34402160	38	73	71
34402169	29	12	11
34402170	28	26	26
34413814	26	14	14
34451558	51	12	11
34451559	50	28	27
34451560	49	1491	1462
34451561	48	3	3
34451603	66	4	4
34451604	65	17	15
34451605	64	1203	1184
34451606	63	2	2
34453067	392	11	11
34470710	109	93	47
34511090	26	4	4
34511091	25	256	251
34514979	208	93	93
34515074	113	3	3
34524561	114	5	5
34524562	113	5	5
34524563	112	25	25
34524564	111	3446	3417
34524565	110	8	7
34542919	319	2	2
34567310	211	8	8
34569710	278	150	149
34569720	268	3	3
34575234	400	35	34
34630275	425	56	56
34631519	307	2	2
34639269	191	2	2
34655327	44	2	2
34655329	42	2	2
34655330	41	11	10
34655331	40	804	691
34655332	39	2	2
34655366	176	2	2
34655367	175	743	713
34672284	85	6	6
34672288	81	166	162
34672289	80	3	3
34672290	79	2	2
34678089	85	4	4
34678093	81	214	205
34678094	80	5	4
34678121	53	21	19
34735438	130	8	8
34748953	130	16	16
34756801	143	89	89
34759710	19	2	2
34763008	176	2	2
34780009	186	9	9
34780266	522	3	3
34780385	117	3	2
34780463	15722	3	3
34780465	15722	3	3
34780466	15722	6	6
34780467	15722	2	2
34780697	124	22	18
34796533	124	22	18
34802915	254	10	10
34863597	170	73	73
34882427	91	2	2
34882428	90	3	2
34882429	89	5	5
34882430	88	784	763
34884648	288	2	2
34884803	133	3	3
34884804	132	20	20
34884805	131	3003	2965
34884806	130	4	4
34884807	129	2	2
34890048	155	41	41
34890052	151	3	3
34890839	26	3	3
34897501	357	2	2
34897502	356	175	175
34897854	89	13	11
34916159	324	8	8
34930958	113	3	3
34930960	111	1261	1250
34930961	110	4	4
34930964	107	33	32
35046502	79	420	399
35046503	78	2	2
35046506	75	7	7
35103395	124	6	6
35103396	123	15	15
35103397	122	1615	1595
35103398	121	2	2
35103403	116	2	2
35103468	35	2	2
35108318	19	4	4
35113935	348	136	133
35126603	301	542	538
35126604	300	5	5
35126607	297	2	2
35126900	236	23	23
35162187	120	2	2
35183634	19	4	4
35184017	287	2	2
35186195	432	24	24
35188272	362	5	5
35193436	40	2	2
35193437	39	10	5
35193438	38	958	946
35193439	37	2	2
35200621	108	3	3
35200622	107	41	38
35203061	38	3	2
35203062	37	708	699
35203063	36	3	3
35251348	107	6	6
35251349	106	6	6
35251350	105	31	31
35251351	104	3489	3447
35251352	103	7	7
35251353	102	2	2
35251451	304	425	415
35251452	303	2	2
35253826	38	4	3
35253827	37	703	696
35253828	36	3	3
35280101	184	20	17
35280106	179	1916	1822
35280107	178	58	57
35280108	177	52	44
35280109	176	6	4
35280111	174	3	3
35280279	114	3	3
35280280	113	12	12
35280281	112	2672	2648
35280282	111	5	5
35280980	20	2	2
35282837	64	2	2
35326412	116	2	2
35326414	114	258	241
35334933	231	2	2
35334934	230	75	74
